1210100051
0120100067
0120100096
1210100575
0120100589
0100101125
1210101525
0120101794
1210101861
1730101894
0120101962
1210102503
1210102946
0100103031
0140103153
1210103184
1210103442
1740103538
0130103677
2550104151
3180104785
1520105340
1210105681
1740105776
1210106352
1210108201
2660108598
1520109323
1210110252
1740113488
1210114817
2550114957
1730116342
1210119074
1210123462
1210123585
1210123694
1210123817
1210123877
1730124512
1210124623
1210124860
1210125014
1210125051
1210125864
1210126472
1210127964
1210129749
1210130422
1210130423
1210130495
1210130962
1210131778
1210132160
1210132729
0110100479
0100101583
0100101989
0100102279
0100103327
0100105920
1740111744
1740113338
0110100470
0110101222
0110101289
1740101374
0110102171
0110102191
0110102328
0110103409
0120100441
0120100455
0120101128
3180102674
0120103695
0120104393
1210127235
0130100462
0130100544
0130101063
0130101125
0130101165
0130103647
0130103677
0130104043
0130104259
0140100985
0140101021
0140101282
3180102936
0140103113
0140103220
0140103247
1210100304
1210101525
1210101883
0120101963
1210112972
1210117387
1210117494
1210117740
1210124783
1210127609
1210130070
1210131611
1210131645
1520105769
1520110624
1520111377
1520112245
1730113799
1520114688
1520115615
1210117781
1210124703
3290106605
3290110635
1730111707
1730114307
1730120523
1730121657
1730123066
1730124514
1730125451
1730127109
1730128044
1210130776
0100102222
1740103671
1740106009
1740109821
1740111744
1210115288
1740115461
1740116028
1740116880
1740118392
1740120079
1740120085
2550100306
3290100636
1730100650
0110101617
0100101826
3290105775
2550106881
2550113661
1730118501
2660100267
2660103128
2660103622
2660103950
3180104544
2660104794
2660105635
2660106361
2660106433
2660108585
2970100002
2970101198
2970103913
2970105357
2970109225
2970111234
2970114273
1730118501
1210124972
3180101993
1740102607
3180102958
2660103030
3180103915
3180106780
3180107520
1210114479
3290100592
3290100910
3290108290
2970109452
3290111225
1730111707
3290111810
3290114751
3290115019
1730124513
0110100553
0120101121
0120103291
1210124723
1210128843
1210128844
1210129595
1210129694
1210130082
1210131511
1210131647
1210131774
1210131775
1210131776
1210131777
1210131779
1210131799
1210131800
1210131972
1210132021
1210132040
1210132307
1210132477
1210132559
1210132589
1210132606
1210132610
1210132611
1210132695
1210132887
1210133172
1210133181
1210133183
1210133184
1210133185
1210133186
1210133188
1210133252
2660100222
1210127243
1210129016